Epoch:10
mAP: 0.756374461688955
AP_50: 0.9598438368285668
AP_75: 0.8890025672148306
AP_small: 0.0
AP_m: 0.05244999834795844
AP_l: 0.7728864186501374
Epoch:20
mAP: 0.8062826507984523
AP_50: 0.9640142305995333
AP_75: 0.9156298410591478
AP_small: 0.0
AP_m: 0.08808307699023882
AP_l: 0.822935040483701
Epoch:30
mAP: 0.8262756723646911
AP_50: 0.9674182167005045
AP_75: 0.9264350805042673
AP_small: 0.0
AP_m: 0.06628436490991145
AP_l: 0.8431797529795025
